function AutoHaki()
while _G.Autohaki do wait()
    if not game:GetService("Players").LocalPlayer.Character:FindFirstChild("HasBuso") then
        game:GetService("ReplicatedStorage").Remotes.CommF_:InvokeServer("Buso")
        end
    end
end

--sea 1



--Notify
function RobloxNotify(Ti,tab,icon,sec)
    game.StarterGui:SetCore("SendNotification", {
    Title = Ti,
    Text = tab,
    Icon = icon,
    Duration = sec,
    })
end


RobloxNotify("NiMo Hub","Start Anti AFK",nil,1)
--Anti Afk
local VirtualUser=game:service'VirtualUser'
game:service'Players'.LocalPlayer.Idled:connect(function()
VirtualUser:CaptureController()
VirtualUser:ClickButton2(Vector2.new())
end)

warn("Anti-Afk has Loaded")
wait(1)

RobloxNotify("NiMo Hub","Wait 3 sec",nil,3)
wait(3)
--RobloxNotify("NiMo Hub","Open Script",nil,1)
local Notification = require(game:GetService("ReplicatedStorage").Notification)

Notification.new("Nimo Hub <Color=Yellow>Start<Color=/>"):Display()


--teleport place
local placeId = game.PlaceId
if placeId == 2753915549 then
    OldWorld = true
elseif placeId == 4442272183 then
    NewWorld = true
elseif placeId == 7449423635 then
    ThreeWorld = true
end 

--FastAttack
coroutine.wrap(function()
local StopCamera = require(game.ReplicatedStorage.Util.CameraShaker)StopCamera:Stop()
    for v,v in pairs(getreg()) do
        if typeof(v) == "function" and getfenv(v).script == game:GetService("Players").LocalPlayer.PlayerScripts.CombatFramework then
             for v,v in pairs(debug.getupvalues(v)) do
                if typeof(v) == "table" then
                    spawn(function()
                        game:GetService("RunService").RenderStepped:Connect(function()
                            if _G.FastAttack then
                                 pcall(function()
                                     v.activeController.timeToNextAttack = -(math.huge^math.huge^math.huge)
                                     v.activeController.attacking = false
                                     v.activeController.increment = 4
                                     v.activeController.blocking = false   
                                     v.activeController.hitboxMagnitude = 150
    		                         v.activeController.humanoid.AutoRotate = true
    	                      	     v.activeController.focusStart = 0
    	                      	     v.activeController.currentAttackTrack = 0
                                     sethiddenproperty(game:GetService("Players").LocalPlayer, "SimulationRaxNerous", math.huge)
                                 end)
                             end
                         end)
                    end)
                end
            end
        end
    end
end)();

--FastAttack
coroutine.wrap(function()
local StopCamera = require(game.ReplicatedStorage.Util.CameraShaker)StopCamera:Stop()
    for v,v in pairs(getreg()) do
        if typeof(v) == "function" and getfenv(v).script == game:GetService("Players").LocalPlayer.PlayerScripts.CombatFramework then
             for v,v in pairs(debug.getupvalues(v)) do
                if typeof(v) == "table" then
                    spawn(function()
                        game:GetService("RunService").RenderStepped:Connect(function()
                            if _G.Hit then
                                 pcall(function()
                                     v.activeController.hitboxMagnitude = 150
                                     sethiddenproperty(game:GetService("Players").LocalPlayer, "SimulationRaxNerous", math.huge)
                                 end)
                             end
                         end)
                    end)
                end
            end
        end
    end
end)();

getgenv().ToTarget = function(p)
    task.spawn(function()
        pcall(function()
            if game:GetService("Players").LocalPlayer:DistanceFromCharacter(p.Position) <= 250 then 
                game:GetService("Players").LocalPlayer.Character.HumanoidRootPart.CFrame = p
            elseif not game.Players.LocalPlayer.Character:FindFirstChild("Root")then 
                local K = Instance.new("Part",game.Players.LocalPlayer.Character)
                K.Size = Vector3.new(1,0.5,1)
                K.Name = "Root"
                K.Anchored = true
                K.Transparency = 1
                K.CanCollide = false
                K.CFrame = game.Players.LocalPlayer.Character.HumanoidRootPart.CFrame * CFrame.new(0,20,0)
            end
            local U = (game.Players.LocalPlayer.Character.HumanoidRootPart.Position-p.Position).Magnitude
            local z = game:service("TweenService")
            local B = TweenInfo.new((p.Position-game.Players.LocalPlayer.Character.Root.Position).Magnitude/300,Enum.EasingStyle.Linear)
            local S,g = pcall(function()
            local q = z:Create(game.Players.LocalPlayer.Character.Root,B,{CFrame = p})
            q:Play()
        end)
        if not S then 
            return g
        end
        game.Players.LocalPlayer.Character.Root.CFrame = game.Players.LocalPlayer.Character.HumanoidRootPart.CFrame
            if S and game.Players.LocalPlayer.Character:FindFirstChild("Root") then 
                pcall(function()
                    if (game.Players.LocalPlayer.Character.HumanoidRootPart.Position-p.Position).Magnitude >= 20 then 
                        spawn(function()
                            pcall(function()
                                if (game.Players.LocalPlayer.Character.Root.Position-game.Players.LocalPlayer.Character.HumanoidRootPart.Position).Magnitude > 150 then 
                                    game.Players.LocalPlayer.Character.Root.CFrame = game.Players.LocalPlayer.Character.HumanoidRootPart.CFrame
                                else 
                                    game.Players.LocalPlayer.Character.HumanoidRootPart.CFrame=game.Players.LocalPlayer.Character.Root.CFrame
                                end
                            end)
                        end)
                    elseif (game.Players.LocalPlayer.Character.HumanoidRootPart.Position-p.Position).Magnitude >= 10 and(game.Players.LocalPlayer.Character.HumanoidRootPart.Position-p.Position).Magnitude < 20 then 
                        game.Players.LocalPlayer.Character.HumanoidRootPart.CFrame = p
                    elseif (game.Players.LocalPlayer.Character.HumanoidRootPart.Position-p.Position).Magnitude < 10 then 
                        game.Players.LocalPlayer.Character.HumanoidRootPart.CFrame = p
                    end
                end)
            end
	    end)
    end)
end

function StopTween(target)
	if not target then
		_G.StopTween = true
		wait()
		getgenv().ToTarget(game:GetService("Players").LocalPlayer.Character.HumanoidRootPart.CFrame)
		wait()
		if game:GetService("Players").LocalPlayer.Character.HumanoidRootPart:FindFirstChild("BodyClip") then
			game:GetService("Players").LocalPlayer.Character.HumanoidRootPart:FindFirstChild("BodyClip"):Destroy()
		end
		_G.StopTween = false
		_G.Clip = false
	end
end

function UseCode(Text)
	game:GetService("ReplicatedStorage").Remotes.Redeem:InvokeServer(Text)
end

function toTarget(targetPos, targetCFrame)
    local tweenfunc = {}
    local tween_s = game:service"TweenService"
    local info = TweenInfo.new((targetPos - game:GetService("Players").LocalPlayer.Character:WaitForChild("HumanoidRootPart").Position).Magnitude/300, Enum.EasingStyle.Linear)
    local tween = tween_s:Create(game:GetService("Players").LocalPlayer.Character["HumanoidRootPart"], info, {CFrame = targetCFrame * CFrame.fromAxisAngle(Vector3.new(1,0,0), math.rad(0))})
    tween:Play()

    function tweenfunc:Stop()
        tween:Cancel()
        return tween
    end

    if not tween then return tween end
    return tweenfunc
end


	function SlowtoTarget(CFgo)
	
		local tween_s = game:service"TweenService"
		local info = TweenInfo.new((game:GetService("Players")["LocalPlayer"].Character.HumanoidRootPart.Position - CFgo.Position).Magnitude/325, Enum.EasingStyle.Linear)
		local tween = tween_s:Create(game.Players.LocalPlayer.Character["HumanoidRootPart"], info, {CFrame = CFgo})
		tween:Play()
	
	end


--KillAura
spawn(function()
    while wait() do 
        pcall(function()
            if RaidsArua then
				for i,v in pairs(game.Workspace.Enemies:GetChildren()) do
					if RaidsArua and v:FindFirstChild("Humanoid") and v:FindFirstChild("HumanoidRootPart") and (v.HumanoidRootPart.Position-game:GetService("Players").LocalPlayer.Character.HumanoidRootPart.Position).magnitude <= 400 then
						pcall(function()
							repeat wait()
								v.Humanoid.Health = 0
							until not RaidsArua or v.Humanoid.Health <= 0 or not v.Parent
						end)
					end
				end
			end
        end)
    end
end)




--Auto Click
spawn(function()
   game:GetService("RunService").RenderStepped:Connect(function()
    pcall(function()
        if _G.AutoClick then
            game:GetService'VirtualUser':CaptureController()
            game:GetService'VirtualUser':Button1Down(Vector2.new(1280, 672))
        end
    end)
end) 
end)



getgenv().ToTarget = function(p)
    task.spawn(function()
        pcall(function()
            if game:GetService("Players").LocalPlayer:DistanceFromCharacter(p.Position) <= 250 then 
                game:GetService("Players").LocalPlayer.Character.HumanoidRootPart.CFrame = p
            elseif not game.Players.LocalPlayer.Character:FindFirstChild("Root")then 
                local K = Instance.new("Part",game.Players.LocalPlayer.Character)
                K.Size = Vector3.new(1,0.5,1)
                K.Name = "Root"
                K.Anchored = true
                K.Transparency = 1
                K.CanCollide = false
                K.CFrame = game.Players.LocalPlayer.Character.HumanoidRootPart.CFrame * CFrame.new(0,20,0)
            end
            local U = (game.Players.LocalPlayer.Character.HumanoidRootPart.Position-p.Position).Magnitude
            local z = game:service("TweenService")
            local B = TweenInfo.new((p.Position-game.Players.LocalPlayer.Character.Root.Position).Magnitude/300,Enum.EasingStyle.Linear)
            local S,g = pcall(function()
            local q = z:Create(game.Players.LocalPlayer.Character.Root,B,{CFrame = p})
            q:Play()
        end)
        if not S then 
            return g
        end
        game.Players.LocalPlayer.Character.Root.CFrame = game.Players.LocalPlayer.Character.HumanoidRootPart.CFrame
            if S and game.Players.LocalPlayer.Character:FindFirstChild("Root") then 
                pcall(function()
                    if (game.Players.LocalPlayer.Character.HumanoidRootPart.Position-p.Position).Magnitude >= 20 then 
                        spawn(function()
                            pcall(function()
                                if (game.Players.LocalPlayer.Character.Root.Position-game.Players.LocalPlayer.Character.HumanoidRootPart.Position).Magnitude > 150 then 
                                    game.Players.LocalPlayer.Character.Root.CFrame = game.Players.LocalPlayer.Character.HumanoidRootPart.CFrame
                                else 
                                    game.Players.LocalPlayer.Character.HumanoidRootPart.CFrame=game.Players.LocalPlayer.Character.Root.CFrame
                                end
                            end)
                        end)
                    elseif (game.Players.LocalPlayer.Character.HumanoidRootPart.Position-p.Position).Magnitude >= 10 and(game.Players.LocalPlayer.Character.HumanoidRootPart.Position-p.Position).Magnitude < 20 then 
                        game.Players.LocalPlayer.Character.HumanoidRootPart.CFrame = p
                    elseif (game.Players.LocalPlayer.Character.HumanoidRootPart.Position-p.Position).Magnitude < 10 then 
                        game.Players.LocalPlayer.Character.HumanoidRootPart.CFrame = p
                    end
                end)
            end
        end)
    end)
end



                    function TP_World1()
                        _G.TP_Ser = true
                        game:GetService("ReplicatedStorage").Remotes.CommF_:InvokeServer("TravelMain")
                    end
                    function TP_World2()
                        _G.TP_Ser = true
                        game:GetService("ReplicatedStorage").Remotes.CommF_:InvokeServer("TravelDressrosa")	
                    end
                    function TP_World3()
                        _G.TP_Ser = true
                        game:GetService("ReplicatedStorage").Remotes.CommF_:InvokeServer("TravelZou")
                    end
                    
		spawn(function()
			game:GetService("RunService").Stepped:Connect(function()
				if farm or TweenIsland or TweenNPC or AutoFarmChest or FramBossSelectHop or AutoNew or Auto_Farm or AutoNew or Factory or Autothird or MasteryDevilFruit or MasteryWeapon or MasteryGun or FramBoss or KillAllBoss or AutoMobAura or Observation or AutoSaber or AutoPole or AutoPoleHOP or AutoQuestBartilo or AutoEvoRace2 or AutoRengoku or AutoFramEctoplasm or AutoBuddySwords or AutoBuddySwords or AutoFarmBone or AutoHallowScythe or AutoSoulReaper or AutoFarmCakePrince or AutoYama or HolyTorch or AutoEliteHunter or AutoHakiRainbow or MusketeeHat or AutoObservationHakiV2 or NextIsland or AutoRaids then
					if not KRNL_LOADED and game.Players.LocalPlayer.Character:FindFirstChild("Humanoid") then
						setfflag("HumanoidParallelRemoveNoPhysics", "False")
						setfflag("HumanoidParallelRemoveNoPhysicsNoSimulate2", "False")
						game.Players.LocalPlayer.Character.Humanoid:ChangeState(11)
					else
						if not game:GetService("Workspace"):FindFirstChild("LOL") then
							local LOL = Instance.new("Part")
							LOL.Name = "LOL"
							LOL.Parent = game.Workspace
							LOL.Anchored = true
							LOL.Transparency = 1
							LOL.Size = Vector3.new(50,0.5,50)
						elseif game:GetService("Workspace"):FindFirstChild("LOL") then
							game.Workspace["LOL"].CFrame = CFrame.new(game.Players.LocalPlayer.Character.HumanoidRootPart.CFrame.X,game.Players.LocalPlayer.Character.HumanoidRootPart.CFrame.Y - 3.8,game.Players.LocalPlayer.Character.HumanoidRootPart.CFrame.Z)
						end
					end
					for _, v in pairs(game.Players.LocalPlayer.Character:GetDescendants()) do
						if v:IsA("BasePart") then
							v.CanCollide = false
						end
					end
				end
			end)
		end)
		


--autofarmChest
		
	_G.MagnitudeAdd = 0
	spawn(function()
		while wait() do 
			pcall(function()
				if AutoFarmChest then
					for i,v in pairs(game:GetService("Workspace"):GetChildren()) do 
						if v.Name:find("Chest") then
							if game:GetService("Workspace"):FindFirstChild(v.Name) then
								if (v.Position - game.Players.LocalPlayer.Character.HumanoidRootPart.Position).Magnitude <= 5000+_G.MagnitudeAdd then
									repeat wait()
										if game:GetService("Workspace"):FindFirstChild(v.Name) then
											SlowtoTarget(v.CFrame)
										end
									until AutoFarmChest == false or not v.Parent
									_G.MagnitudeAdd = _G.MagnitudeAdd+1500
								end
							end
						end
					end
				end
			end)
		end
	end)
		
		--ESP
    function isnil(thing)
        return (thing == nil)
    end
    local function round(n)
        return math.floor(tonumber(n) + 0.5)
    end
    Number = math.random(1, 1000000)
    function UpdatePlayerChams()
        for i,v in pairs(game:GetService'Players':GetChildren()) do
            pcall(function()
                if not isnil(v.Character) then
                    if ESPPlayer then
                        if not isnil(v.Character.Head) and not v.Character.Head:FindFirstChild('NameEsp'..Number) then
                            local bill = Instance.new('BillboardGui',v.Character.Head)
                            bill.Name = 'NameEsp'..Number
                            bill.ExtentsOffset = Vector3.new(0, 1, 0)
                            bill.Size = UDim2.new(1,200,1,30)
                            bill.Adornee = v.Character.Head
                            bill.AlwaysOnTop = true
                            local name = Instance.new('TextLabel',bill)
                            name.Font = "SourceSansBold"
                            name.FontSize = "Size14"
                            name.TextWrapped = true
                            name.Text = (v.Name ..' \n'.. round((game:GetService('Players').LocalPlayer.Character.Head.Position - v.Character.Head.Position).Magnitude/3) ..' M')
                            name.Size = UDim2.new(1,0,1,0)
                            name.TextYAlignment = 'Top'
                            name.BackgroundTransparency = 1
                            name.TextStrokeTransparency = 0.5
                            if v.Team == game.Players.LocalPlayer.Team then
                                name.TextColor3 = Color3.new(0.196078, 0.196078, 0.196078)
                            else
                                name.TextColor3 = Color3.new(1, 0.333333, 0.498039)
                            end
                        else
                            v.Character.Head['NameEsp'..Number].TextLabel.Text = (v.Name ..'   \n'.. round((game:GetService('Players').LocalPlayer.Character.Head.Position - v.Character.Head.Position).Magnitude/3) ..' M')
                        end
                    else
                        if v.Character.Head:FindFirstChild('NameEsp'..Number) then
                            v.Character.Head:FindFirstChild('NameEsp'..Number):Destroy()
                        end
                    end
                end
            end)
        end
    end
	function UpdateChestChams() 
		for i,v in pairs(game.Workspace:GetChildren()) do
			pcall(function()
				if string.find(v.Name,"Chest") then
					if ChestESP then
						if string.find(v.Name,"Chest") then
							if not v:FindFirstChild('NameEsp'..Number) then
								local bill = Instance.new('BillboardGui',v)
								bill.Name = 'NameEsp'..Number
								bill.ExtentsOffset = Vector3.new(0, 1, 0)
								bill.Size = UDim2.new(1,200,1,30)
								bill.Adornee = v
								bill.AlwaysOnTop = true
								local name = Instance.new('TextLabel',bill)
								name.Font = "GothamBold"
								name.FontSize = "Size14"
								name.TextWrapped = true
								name.Size = UDim2.new(1,0,1,0)
								name.TextYAlignment = 'Top'
								name.BackgroundTransparency = 1
								name.TextStrokeTransparency = 0.5
								if v.Name == "Chest1" then
									name.TextColor3 = Color3.fromRGB(109, 109, 109)
									name.Text = ("Chest 1" ..' \n'.. round((game:GetService('Players').LocalPlayer.Character.Head.Position - v.Position).Magnitude/3) ..' M')
								end
								if v.Name == "Chest2" then
									name.TextColor3 = Color3.fromRGB(173, 158, 21)
									name.Text = ("Chest 2" ..' \n'.. round((game:GetService('Players').LocalPlayer.Character.Head.Position - v.Position).Magnitude/3) ..' M')
								end
								if v.Name == "Chest3" then
									name.TextColor3 = Color3.fromRGB(85, 255, 255)
									name.Text = ("Chest 3" ..' \n'.. round((game:GetService('Players').LocalPlayer.Character.Head.Position - v.Position).Magnitude/3) ..' M')
								end
							else
								v['NameEsp'..Number].TextLabel.Text = (v.Name ..'   \n'.. round((game:GetService('Players').LocalPlayer.Character.Head.Position - v.Position).Magnitude/3) ..' M')
							end
						end
					else
						if v:FindFirstChild('NameEsp'..Number) then
							v:FindFirstChild('NameEsp'..Number):Destroy()
						end
					end
				end
			end)
		end
	end
	function UpdateDevilChams() 
		for i,v in pairs(game.Workspace:GetChildren()) do
			pcall(function()
				if DevilFruitESP then
					if string.find(v.Name, "Fruit") then   
						if not v.Handle:FindFirstChild('NameEsp'..Number) then
							local bill = Instance.new('BillboardGui',v.Handle)
							bill.Name = 'NameEsp'..Number
							bill.ExtentsOffset = Vector3.new(0, 1, 0)
							bill.Size = UDim2.new(1,200,1,30)
							bill.Adornee = v.Handle
							bill.AlwaysOnTop = true
							local name = Instance.new('TextLabel',bill)
							name.Font = "GothamBold"
							name.FontSize = "Size14"
							name.TextWrapped = true
							name.Size = UDim2.new(1,0,1,0)
							name.TextYAlignment = 'Top'
							name.BackgroundTransparency = 1
							name.TextStrokeTransparency = 0.5
							name.TextColor3 = Color3.fromRGB(255, 0, 0)
							name.Text = (v.Name ..' \n'.. round((game:GetService('Players').LocalPlayer.Character.Head.Position - v.Handle.Position).Magnitude/3) ..' M')
						else
							v.Handle['NameEsp'..Number].TextLabel.Text = (v.Name ..'   \n'.. round((game:GetService('Players').LocalPlayer.Character.Head.Position - v.Handle.Position).Magnitude/3) ..' M')
						end
					end
				else
					if v.Handle:FindFirstChild('NameEsp'..Number) then
						v.Handle:FindFirstChild('NameEsp'..Number):Destroy()
					end
				end
			end)
		end
	end
	function UpdateFlowerChams() 
		for i,v in pairs(game.Workspace:GetChildren()) do
			pcall(function()
				if v.Name == "Flower2" or v.Name == "Flower1" then
					if FlowerESP then 
						if not v:FindFirstChild('NameEsp'..Number) then
							local bill = Instance.new('BillboardGui',v)
							bill.Name = 'NameEsp'..Number
							bill.ExtentsOffset = Vector3.new(0, 1, 0)
							bill.Size = UDim2.new(1,200,1,30)
							bill.Adornee = v
							bill.AlwaysOnTop = true
							local name = Instance.new('TextLabel',bill)
							name.Font = "GothamBold"
							name.FontSize = "Size14"
							name.TextWrapped = true
							name.Size = UDim2.new(1,0,1,0)
							name.TextYAlignment = 'Top'
							name.BackgroundTransparency = 1
							name.TextStrokeTransparency = 0.5
							name.TextColor3 = Color3.fromRGB(255, 0, 0)
							if v.Name == "Flower1" then 
								name.Text = ("Blue Flower" ..' \n'.. round((game:GetService('Players').LocalPlayer.Character.Head.Position - v.Position).Magnitude/3) ..' M')
								name.TextColor3 = Color3.fromRGB(0, 0, 255)
							end
							if v.Name == "Flower2" then
								name.Text = ("Red Flower" ..' \n'.. round((game:GetService('Players').LocalPlayer.Character.Head.Position - v.Position).Magnitude/3) ..' M')
								name.TextColor3 = Color3.fromRGB(255, 0, 0)
							end
						else
							v['NameEsp'..Number].TextLabel.Text = (v.Name ..'   \n'.. round((game:GetService('Players').LocalPlayer.Character.Head.Position - v.Position).Magnitude/3) ..' M')
						end
					else
						if v:FindFirstChild('NameEsp'..Number) then
						v:FindFirstChild('NameEsp'..Number):Destroy()
						end
					end
				end   
			end)
		end
	end
	function UpdateRealFruitChams() 
		for i,v in pairs(game.Workspace.AppleSpawner:GetChildren()) do
			if v:IsA("Tool") then
				if RealFruitESP then 
					if not v.Handle:FindFirstChild('NameEsp'..Number) then
						local bill = Instance.new('BillboardGui',v.Handle)
						bill.Name = 'NameEsp'..Number
						bill.ExtentsOffset = Vector3.new(0, 1, 0)
						bill.Size = UDim2.new(1,200,1,30)
						bill.Adornee = v.Handle
						bill.AlwaysOnTop = true
						local name = Instance.new('TextLabel',bill)
						name.Font = "GothamBold"
						name.FontSize = "Size14"
						name.TextWrapped = true
						name.Size = UDim2.new(1,0,1,0)
						name.TextYAlignment = 'Top'
						name.BackgroundTransparency = 1
						name.TextStrokeTransparency = 0.5
						name.TextColor3 = Color3.fromRGB(255, 0, 0)
						name.Text = (v.Name ..' \n'.. round((game:GetService('Players').LocalPlayer.Character.Head.Position - v.Handle.Position).Magnitude/3) ..' M')
					else
						v.Handle['NameEsp'..Number].TextLabel.Text = (v.Name ..' '.. round((game:GetService('Players').LocalPlayer.Character.Head.Position - v.Handle.Position).Magnitude/3) ..' M')
					end
				else
					if v.Handle:FindFirstChild('NameEsp'..Number) then
						v.Handle:FindFirstChild('NameEsp'..Number):Destroy()
					end
				end 
			end
		end
	end
                    
                    
  --TweenService                  
function TP(P1)
                    local Distance = (P1.Position - game.Players.LocalPlayer.Character.HumanoidRootPart.Position).Magnitude
                    if Distance < 100 then
				        Speed = 100000000000000
                    elseif Distance < 1000 then
				        Speed = 325
			        elseif Distance >= 1000 then
				        Speed = 300
                    end
                    game:GetService("TweenService"):Create(
                        game.Players.LocalPlayer.Character.HumanoidRootPart,
                        TweenInfo.new(Distance/Speed, Enum.EasingStyle.Linear),
                        {CFrame = P1}
                    ):Play()
                    if _G.Stop_Tween==true then
                        game:GetService("TweenService"):Create(
                        game.Players.LocalPlayer.Character.HumanoidRootPart,
                        TweenInfo.new(Distance/Speed, Enum.EasingStyle.Linear),
                            {CFrame = P1}
                        ):Cancel()
                    end
                    while _G.Noclip do wait()
                    Noclip()
                    end
                    _G.Clip = true
                    TweenIsland = true
                    wait(Distance/Speed)
                    _G.Clip = false
                    TweenIsland = false
                end


	spawn(function()
		game:GetService("RunService").Heartbeat:Connect(function()
			pcall(function()
				for i,v in pairs(game:GetService("Workspace").Enemies:GetChildren()) do
					if _G.Auto_Evo_Race_V2 and StartEvoMagnet and v.Name == "Swan Pirate [Lv. 775]" and (v.HumanoidRootPart.Position - PosMonEvo.Position).magnitude <= 350 then
						v.HumanoidRootPart.CFrame = PosMonEvo
						v.HumanoidRootPart.CanCollide = false
						v.HumanoidRootPart.Size = Vector3.new(50,50,50)
						if v.Humanoid:FindFirstChild("Animator") then
							v.Humanoid.Animator:Destroy()
						end
						sethiddenproperty(game.Players.LocalPlayer, "SimulationRadius",  math.huge)
					end
				end
			end)
		end)
	end)

	spawn(function()
		pcall(function()
			while wait() do
				if _G.Auto_Evo_Race_V2 then
					if not game:GetService("Players").LocalPlayer.Data.Race:FindFirstChild("Evolved") then
						if game:GetService("ReplicatedStorage").Remotes.CommF_:InvokeServer("Alchemist","1") == 0 then
							TP(CFrame.new(-2779.83521, 72.9661407, -3574.02002, -0.730484903, 6.39014104e-08, -0.68292886, 3.59963224e-08, 1, 5.50667032e-08, 0.68292886, 1.56424669e-08, -0.730484903))
							if (Vector3.new(-2779.83521, 72.9661407, -3574.02002) - game:GetService("Players").LocalPlayer.Character.HumanoidRootPart.Position).Magnitude <= 4 then
								wait(1.3)
								game:GetService("ReplicatedStorage").Remotes.CommF_:InvokeServer("Alchemist","2")
							end
						elseif game:GetService("ReplicatedStorage").Remotes.CommF_:InvokeServer("Alchemist","1") == 1 then
							pcall(function()
								if not game:GetService("Players").LocalPlayer.Backpack:FindFirstChild("Flower 1") and not game:GetService("Players").LocalPlayer.Character:FindFirstChild("Flower 1") then
									TP(game:GetService("Workspace").Flower1.CFrame)
								elseif not game:GetService("Players").LocalPlayer.Backpack:FindFirstChild("Flower 2") and not game:GetService("Players").LocalPlayer.Character:FindFirstChild("Flower 2") then
									TP(game:GetService("Workspace").Flower2.CFrame)
								elseif not game:GetService("Players").LocalPlayer.Backpack:FindFirstChild("Flower 3") and not game:GetService("Players").LocalPlayer.Character:FindFirstChild("Flower 3") then
									if game:GetService("Workspace").Enemies:FindFirstChild("Swan Pirate [Lv. 775]") then
										for i,v in pairs(game:GetService("Workspace").Enemises:GetChildren()) do
											if v.Name == "Swan Pirate [Lv. 775]" then
												repeat wait()
													AutoHaki()
													TP(v.HumanoidRootPart.CFrame * CFrame.new(0,_G.Select_Distance,0))
													v.HumanoidRootPart.CanCollide = false
													v.HumanoidRootPart.Size = Vector3.new(50,50,50)
													game:GetService'VirtualUser':CaptureController()
													game:GetService'VirtualUser':Button1Down(Vector2.new(1280, 672))
													PosMonEvo = v.HumanoidRootPart.CFrame
													StartEvoMagnet = true
												until game:GetService("Players").LocalPlayer.Backpack:FindFirstChild("Flower 3") or not v.Parent or v.Humanoid.Health <= 0 or _G.Auto_Evo_Race_V2 == false
												StartEvoMagnet = false
											end
										end
									else
										StartEvoMagnet = false
										TP(CFrame.new(980.0985107421875, 121.331298828125, 1287.2093505859375))
									end
								end
							end)
						elseif game:GetService("ReplicatedStorage").Remotes.CommF_:InvokeServer("Alchemist","1") == 2 then
							game:GetService("ReplicatedStorage").Remotes.CommF_:InvokeServer("Alchemist","3")
						end
					end
				end
			end
		end)
	end)

	function Click()
		game:GetService'VirtualUser':CaptureController()
		game:GetService'VirtualUser':Button1Down(Vector2.new(1280, 672))
	end
	function CheckQuest()
		local MyLevel = game.Players.LocalPlayer.Data.Level.Value
		if FastTween then
			if OldWorld then
				if MyLevel == 1 or MyLevel <= 9 then -- Bandit
					Nonquest = false
					Ms = "Bandit [Lv. 5]"
					NameQuest = "BanditQuest1"
					LevelQuest = 1
					NameMon = "Bandit"
					CFrameQuest = CFrame.new(1059.37195, 15.4495068, 1550.4231, 0.939700544, -0, -0.341998369, 0, 1, -0, 0.341998369, 0, 0.939700544)
					CFrameMon = CFrame.new(1353.44885, 3.40935516, 1376.92029, 0.776053488, -6.97791975e-08, 0.630666852, 6.99138596e-08, 1, 2.4612488e-08, -0.630666852, 2.49917598e-08, 0.776053488)
				elseif MyLevel == 10 or MyLevel <= 14 then -- Monkey
					Nonquest = false
					Ms = "Monkey [Lv. 14]"
					NameQuest = "JungleQuest"
					LevelQuest = 1
					NameMon = "Monkey"
					CFrameQuest = CFrame.new(-1598.08911, 35.5501175, 153.377838, 0, 0, 1, 0, 1, -0, -1, 0, 0)
					CFrameMon = CFrame.new(-1402.74609, 98.5633316, 90.6417007, 0.836947978, 0, 0.547282517, -0, 1, -0, -0.547282517, 0, 0.836947978)
				elseif MyLevel == 15 or MyLevel <= 29 then -- Gorilla
					Nonquest = false
					Ms = "Gorilla [Lv. 20]"
					NameQuest = "JungleQuest"
					LevelQuest = 2
					NameMon = "Gorilla"
					CFrameQuest = CFrame.new(-1598.08911, 35.5501175, 153.377838, 0, 0, 1, 0, 1, -0, -1, 0, 0)
					CFrameMon = CFrame.new(-1267.89001, 66.2034225, -531.818115, -0.813996196, -5.25169774e-08, -0.580869019, -5.58769671e-08, 1, -1.21082593e-08, 0.580869019, 2.26011476e-08, -0.813996196)
				elseif MyLevel == 30 or MyLevel <= 89 then -- Galley Captain
					Nonquest = true
					Ms = "Galley Captain [Lv. 650]"
					NameQuest = "FountainQuest"
					LevelQuest = 2
					NameMon = "Galley Captain"
					CFrameQuest = CFrame.new(5259.81982, 37.3500175, 4050.0293, 0.087131381, 0, 0.996196866, 0, 1, 0, -0.996196866, 0, 0.087131381)
					CFrameMon = CFrame.new(5782.90186, 94.5326462, 4716.78174, 0.361808896, -1.24757526e-06, -0.932252586, 2.16989656e-06, 1, -4.96097414e-07, 0.932252586, -1.84339774e-06, 0.361808896)
				elseif MyLevel == 90 or MyLevel <= 99 then -- Snow Bandits
					Nonquest = false
					Ms = "Snow Bandit [Lv. 90]"
					NameQuest = "SnowQuest"
					LevelQuest = 1
					NameMon = "Snow Bandits"
					CFrameQuest = CFrame.new(1389.74451, 86.6520844, -1298.90796, -0.342042685, 0, 0.939684391, 0, 1, 0, -0.939684391, 0, -0.342042685)
					CFrameMon = CFrame.new(1412.92346, 55.3503647, -1260.62036, -0.246266365, -0.0169920288, -0.969053388, 0.000432241941, 0.999844253, -0.0176417865, 0.969202161, -0.00476344163, -0.246220857)
				elseif MyLevel == 100 or MyLevel <= 119 then -- Snowman
					Nonquest = false
					Ms = "Snowman [Lv. 100]"
					NameQuest = "SnowQuest"
					LevelQuest = 2
					NameMon = "Snowman"
					CFrameQuest = CFrame.new(1389.74451, 86.6520844, -1298.90796, -0.342042685, 0, 0.939684391, 0, 1, 0, -0.939684391, 0, -0.342042685)
					CFrameMon = CFrame.new(1376.86401, 97.2779999, -1396.93115, -0.986755967, 7.71178321e-08, -0.162211925, 7.71531674e-08, 1, 6.08143536e-09, 0.162211925, -6.51427134e-09, -0.986755967)
				elseif MyLevel == 120 or MyLevel <= 149 then -- Chief Petty Officer
					Nonquest = false
					Ms = "Chief Petty Officer [Lv. 120]"
					NameQuest = "MarineQuest2"
					LevelQuest = 1
					NameMon = "Chief Petty Officer"
					CFrameQuest = CFrame.new(-5039.58643, 27.3500385, 4324.68018, 0, 0, -1, 0, 1, 0, 1, 0, 0)
					CFrameMon = CFrame.new(-4882.8623, 22.6520386, 4255.53516, 0.273695946, -5.40380647e-08, -0.96181643, 4.37720793e-08, 1, -4.37274998e-08, 0.96181643, -3.01326679e-08, 0.273695946)
				elseif MyLevel == 150 or MyLevel <= 174 then -- Sky Bandit
					Nonquest = false
					Ms = "Sky Bandit [Lv. 150]"
					NameQuest = "SkyQuest"
					LevelQuest = 1
					NameMon = "Sky Bandit"
					CFrameQuest = CFrame.new(-4839.53027, 716.368591, -2619.44165, 0.866007268, 0, 0.500031412, 0, 1, 0, -0.500031412, 0, 0.866007268)
					CFrameMon = CFrame.new(-4959.51367, 365.39267, -2974.56812, 0.964867651, 7.74418396e-08, 0.262737453, -6.95931988e-08, 1, -3.91783708e-08, -0.262737453, 1.95171506e-08, 0.964867651)
				elseif MyLevel == 175 or MyLevel <= 189 then -- Dark Master
					Nonquest = false
					Ms = "Dark Master [Lv. 175]"
					NameQuest = "SkyQuest"
					LevelQuest = 2
					NameMon = "Dark Master"
					CFrameQuest = CFrame.new(-4839.53027, 716.368591, -2619.44165, 0.866007268, 0, 0.500031412, 0, 1, 0, -0.500031412, 0, 0.866007268)
					CFrameMon = CFrame.new(-5079.98096, 376.477356, -2194.17139, 0.465965867, -3.69776352e-08, 0.884802461, 3.40249851e-09, 1, 4.00000886e-08, -0.884802461, -1.56281423e-08, 0.465965867)
				elseif MyLevel == 190 or MyLevel <= 209 then
					Nonquest = false
					Ms = "Prisoner [Lv. 190]"
					LevelQuest = 1
					NameQuest = "PrisonerQuest"
					NameMon = "Prisoner"
					CFrameQuest = CFrame.new(5308.93115, 1.65517521, 475.120514, -0.0894274712, -5.00292918e-09, -0.995993316, 1.60817859e-09, 1, -5.16744869e-09, 0.995993316, -2.06384709e-09, -0.0894274712)
					CFrameMon = CFrame.new(5433.39307, 88.678093, 514.986877, 0.879988372, 0, -0.474995494, 0, 1, 0, 0.474995494, 0, 0.879988372)
				elseif MyLevel == 210 or MyLevel <= 249 then
					Nonquest = false
					Ms = "Dangerous Prisoner [Lv. 210]"
					LevelQuest = 2
					NameQuest = "PrisonerQuest"
					NameMon = "Dangerous Prisoner"
					CFrameQuest = CFrame.new(5308.93115, 1.65517521, 475.120514, -0.0894274712, -5.00292918e-09, -0.995993316, 1.60817859e-09, 1, -5.16744869e-09, 0.995993316, -2.06384709e-09, -0.0894274712)
					CFrameMon = CFrame.new(5433.39307, 88.678093, 514.986877, 0.879988372, 0, -0.474995494, 0, 1, 0, 0.474995494, 0, 0.879988372)
				elseif MyLevel == 250 or MyLevel <= 274 then -- Toga Warrior
					Nonquest = false
					Ms = "Toga Warrior [Lv. 250]"
					NameQuest = "ColosseumQuest"
					LevelQuest = 1
					NameMon = "Toga Warrior"
					CFrameQuest = CFrame.new(-1576.11743, 7.38933945, -2983.30762, 0.576966345, 1.22114863e-09, 0.816767931, -3.58496594e-10, 1, -1.24185606e-09, -0.816767931, 4.2370063e-10, 0.576966345)
					CFrameMon = CFrame.new(-1779.97583, 44.6077499, -2736.35474, 0.984437346, 4.10396339e-08, 0.175734788, -3.62286876e-08, 1, -3.05844168e-08, -0.175734788, 2.3741821e-08, 0.984437346)
				elseif MyLevel == 275 or MyLevel <= 299 then -- Gladiato
					Nonquest = false
					Ms = "Gladiator [Lv. 275]"
					NameQuest = "ColosseumQuest"
					LevelQuest = 2
					NameMon = "Gladiato"
					CFrameQuest = CFrame.new(-1576.11743, 7.38933945, -2983.30762, 0.576966345, 1.22114863e-09, 0.816767931, -3.58496594e-10, 1, -1.24185606e-09, -0.816767931, 4.2370063e-10, 0.576966345)
					CFrameMon = CFrame.new(-1274.75903, 58.1895943, -3188.16309, 0.464524001, 6.21005611e-08, 0.885560572, -4.80449414e-09, 1, -6.76054768e-08, -0.885560572, 2.71497012e-08, 0.464524001)
				elseif MyLevel == 300 or MyLevel <= 329 then -- Military Soldier
					Nonquest = false
					Ms = "Military Soldier [Lv. 300]"
					NameQuest = "MagmaQuest"
					LevelQuest = 1
					NameMon = "Military Soldier"
					CFrameQuest = CFrame.new(-5316.55859, 12.2370615, 8517.2998, 0.588437557, -1.37880001e-08, -0.808542669, -2.10116209e-08, 1, -3.23446478e-08, 0.808542669, 3.60215964e-08, 0.588437557)
					CFrameMon = CFrame.new(-5363.01123, 41.5056877, 8548.47266, -0.578253984, -3.29503091e-10, 0.815856814, 9.11209668e-08, 1, 6.498761e-08, -0.815856814, 1.11920997e-07, -0.578253984)
				elseif MyLevel == 330 or MyLevel <= 374 then -- Military Spy
					Nonquest = false
					Ms = "Military Spy [Lv. 325]"
					NameQuest = "MagmaQuest"
					LevelQuest = 2
					NameMon = "Military Spy"
					CFrameQuest = CFrame.new(-5316.55859, 12.2370615, 8517.2998, 0.588437557, -1.37880001e-08, -0.808542669, -2.10116209e-08, 1, -3.23446478e-08, 0.808542669, 3.60215964e-08, 0.588437557)
					CFrameMon = CFrame.new(-5787.99023, 120.864456, 8762.25293, -0.188358366, -1.84706277e-08, 0.982100308, -1.23782129e-07, 1, -4.93306951e-09, -0.982100308, -1.22495649e-07, -0.188358366)
				elseif MyLevel == 375 or MyLevel <= 399 then -- Fishman Warrior
					Nonquest = false
					Ms = "Fishman Warrior [Lv. 375]"
					NameQuest = "FishmanQuest"
					LevelQuest = 1
					NameMon = "Fishman Warrior"
					CFrameQuest = CFrame.new(61122.5625, 18.4716396, 1568.16504, 0.893533468, 3.95251609e-09, 0.448996574, -2.34327455e-08, 1, 3.78297464e-08, -0.448996574, -4.43233645e-08, 0.893533468)
					CFrameMon = CFrame.new(60946.6094, 48.6735229, 1525.91687, -0.0817126185, 8.90751153e-08, 0.996655822, 2.00889794e-08, 1, -8.77269599e-08, -0.996655822, 1.28533992e-08, -0.0817126185)
				elseif MyLevel == 400 or MyLevel <= 449 then -- Fishman Commando
					Nonquest = false
					Ms = "Fishman Commando [Lv. 400]"
					NameQuest = "FishmanQuest"
					LevelQuest = 2
					NameMon = "Fishman Commando"
					CFrameQuest = CFrame.new(61122.5625, 18.4716396, 1568.16504)
					CFrameMon = CFrame.new(60946.6094, 48.6735229, 1525.916871)
				elseif MyLevel == 450 or MyLevel <= 474 then 
					Nonquest = false
					Ms = "God's Guard [Lv. 450]"
					NameQuest = "SkyExp1Quest"
					LevelQuest = 1
					NameMon = "God's Guards"
					CFrameQuest = CFrame.new(-4721.71436, 845.277161, -1954.20105)
					CFrameMon = CFrame.new(-4716.95703, 853.089722, -1933.925427)
				elseif MyLevel == 475 or MyLevel <= 524 then 
					Nonquest = false
					Ms = "Shanda [Lv. 475]"
					NameQuest = "SkyExp1Quest"
					LevelQuest = 2
					NameMon = "Shandas"
					CFrameQuest = CFrame.new(-7859.09814, 5544.19043, -381.476196, -0.422592998, 0, 0.906319618, 0, 1, 0, -0.906319618, 0, -0.422592998)
					CFrameMon = CFrame.new(-7904.57373, 5584.37646, -459.62973, 0.65171206, 5.11171692e-08, 0.758466363, -4.76232476e-09, 1, -6.33034247e-08, -0.758466363, 3.76435416e-08, 0.65171206)
				elseif MyLevel == 525 or MyLevel <= 549 then -- Royal Squad
					Nonquest = false
					Ms = "Royal Squad [Lv. 525]"
					NameQuest = "SkyExp2Quest"
					LevelQuest = 1
					NameMon = "Royal Squad"
					CFrameQuest = CFrame.new(-7906.81592, 5634.6626, -1411.99194, 0, 0, -1, 0, 1, 0, 1, 0, 0)
					CFrameMon = CFrame.new(-7555.04199, 5606.90479, -1303.24744, -0.896107852, -9.6057462e-10, -0.443836004, -4.24974544e-09, 1, 6.41599973e-09, 0.443836004, 7.63560326e-09, -0.896107852)
				elseif MyLevel == 550 or MyLevel <= 624 then -- Royal Soldier
					Nonquest = false
					Ms = "Royal Soldier [Lv. 550]"
					NameQuest = "SkyExp2Quest"
					LevelQuest = 2
					NameMon = "Royal Soldier"
					CFrameQuest = CFrame.new(-7906.81592, 5634.6626, -1411.99194, 0, 0, -1, 0, 1, 0, 1, 0, 0)
					CFrameMon = CFrame.new(-7837.31152, 5649.65186, -1791.08582, -0.716008604, 0.0104285581, -0.698013008, 5.02521061e-06, 0.99988848, 0.0149335321, 0.69809103, 0.0106890313, -0.715928733)
				elseif MyLevel == 625 or MyLevel <= 649 then -- Galley Pirate
					Nonquest = false
					Ms = "Galley Pirate [Lv. 625]"
					NameQuest = "FountainQuest"
					LevelQuest = 1
					NameMon = "Galley Pirate"
